0	0.0001493857493857503
5e-06	0.0001493857493857503
1e-05	0.0001493857493857502
1.5e-05	0.00014938574938575
2e-05	0.0001493857493857486
2.5e-05	0.000149385749385744
3e-05	0.0001493857493857303
3.5e-05	0.0001493857493856949
4e-05	0.0001493857493856129
4.5e-05	0.0001493857493854378
5e-05	0.0001493857493850906
5.5e-05	0.0001493857493844452
6e-05	0.0001493857493833054
6.500000000000001e-05	0.0001493857493813841
7.000000000000001e-05	0.0001493857493782739
7.500000000000001e-05	0.0001493857493734137
8.000000000000001e-05	0.0001493857493660555
8.500000000000001e-05	0.0001493857493552243
9.000000000000001e-05	0.0001493857493396772
9.500000000000001e-05	0.000149385749317863
0.0001	0.0001493857492878771
0.000105	0.0001493857492474194
0.00011	0.000149385749193752
0.000115	0.0001493857491236588
0.00012	0.0001493857490334052
0.000125	0.0001493857489187041
0.00013	0.0001493857487746783
0.000135	0.0001493857485958345
0.00014	0.0001493857483760336
0.0001450000000000001	0.0001493857481084695
0.0001500000000000001	0.0001493857477856491
0.0001550000000000001	0.0001493857473993786
0.0001600000000000001	0.0001493857469407515
0.0001650000000000001	0.0001493857464001415
0.0001700000000000001	0.0001493857457672013
0.0001750000000000001	0.0001493857450308625
0.0001800000000000001	0.0001493857441793398
0.0001850000000000002	0.0001493857432001398
0.0001900000000000002	0.0001493857420800736
0.0001950000000000002	0.0001493857408052691
0.0002000000000000002	0.0001493857393611915
0.0002050000000000002	0.0001493857377326618
0.0002100000000000002	0.0001493857359038786
0.0002150000000000002	0.0001493857338584475
0.0002200000000000003	0.0001493857315794027
0.0002250000000000003	0.0001493857290492386
0.0002300000000000003	0.00014938572624994
0.0002350000000000003	0.0001493857231630127
0.0002400000000000003	0.0001493857197695166
0.0002450000000000003	0.0001493857160500987
0.0002500000000000003	0.0001493857119850262
0.0002550000000000003	0.0001493857075542227
0.0002600000000000004	0.0001493857027373003
0.0002650000000000004	0.0001493856975135963
0.0002700000000000004	0.0001493856918622068
0.0002750000000000004	0.0001493856857620205
0.0002800000000000004	0.0001493856791917536
0.0002850000000000004	0.0001493856721299812
0.0002900000000000004	0.0001493856645551726
0.0002950000000000004	0.0001493856564457212
0.0003000000000000005	0.0001493856477799759
0.0003050000000000005	0.0001493856385362722
0.0003100000000000005	0.0001493856286929614
0.0003150000000000005	0.0001493856182284368
0.0003200000000000005	0.000149385607121165
0.0003250000000000005	0.0001493855953497074
0.0003300000000000005	0.0001493855828927481
0.0003350000000000006	0.0001493855697291174
0.0003400000000000006	0.0001493855558378133
0.0003450000000000006	0.000149385541198023
0.0003500000000000006	0.0001493855257891452
0.0003550000000000006	0.0001493855095908068
0.0003600000000000006	0.0001493854925828817
0.0003650000000000006	0.0001493854747455076
0.0003700000000000006	0.0001493854560591028
0.0003750000000000007	0.0001493854365043767
0.0003800000000000007	0.0001493854160623498
0.0003850000000000007	0.0001493853947143573
0.0003900000000000007	0.0001493853724420699
0.0003950000000000007	0.0001493853492274957
0.0004000000000000007	0.0001493853250529945
0.0004050000000000007	0.0001493852999012847
0.0004100000000000008	0.0001493852737554488
0.0004150000000000008	0.0001493852465989428
0.0004200000000000008	0.0001493852184156001
0.0004250000000000008	0.0001493851891896351
0.0004300000000000008	0.0001493851589056506
0.0004350000000000008	0.0001493851275486373
0.0004400000000000008	0.000149385095103978
0.0004450000000000008	0.000149385061557449
0.0004500000000000009	0.0001493850268952214
0.0004550000000000009	0.0001493849911038621
0.0004600000000000009	0.0001493849541703306
0.0004650000000000009	0.0001493849160819843
0.0004700000000000009	0.0001493848768265707
0.0004750000000000009	0.0001493848363922308
0.0004800000000000009	0.000149384794767493
0.0004850000000000009	0.0001493847519412738
0.000490000000000001	0.0001493847079028728
0.000495000000000001	0.0001493846626419697
0.000500000000000001	0.000149384616148621
0.000505000000000001	0.0001493845684132556
0.000510000000000001	0.0001493845194266699
0.000515000000000001	0.0001493844691800241
0.000520000000000001	0.0001493844176648379
0.0005250000000000011	0.0001493843648729822
0.0005300000000000011	0.0001493843107966784
0.0005350000000000011	0.0001493842554284881
0.0005400000000000011	0.0001493841987613105
0.0005450000000000011	0.0001493841407883762
0.0005500000000000011	0.0001493840815032402
0.0005550000000000011	0.0001493840208997748
0.0005600000000000011	0.0001493839589721679
0.0005650000000000012	0.0001493838957149098
0.0005700000000000012	0.0001493838311227927
0.0005750000000000012	0.0001493837651909014
0.0005800000000000012	0.0001493836979146066
0.0005850000000000012	0.0001493836292895602
0.0005900000000000012	0.0001493835593116862
0.0005950000000000012	0.0001493834879771762
0.0006000000000000012	0.0001493834152824819
0.0006050000000000013	0.0001493833412243076
0.0006100000000000013	0.0001493832657996053
0.0006150000000000013	0.0001493831890055663
0.0006200000000000013	0.0001493831108396171
0.0006250000000000013	0.0001493830312994089
0.0006300000000000013	0.0001493829503828152
0.0006350000000000013	0.000149382868087923
0.0006400000000000014	0.0001493827844130264
0.0006450000000000014	0.0001493826993566213
0.0006500000000000014	0.0001493826129173989
0.0006550000000000014	0.0001493825250942374
0.0006600000000000014	0.0001493824358861995
0.0006650000000000014	0.000149382345292522
0.0006700000000000014	0.000149382253312615
0.0006750000000000014	0.0001493821599460493
0.0006800000000000015	0.0001493820651925574
0.0006850000000000015	0.0001493819690520226
0.0006900000000000015	0.0001493818715244761
0.0006950000000000015	0.0001493817726100901
0.0007000000000000015	0.0001493816723091726
0.0007050000000000015	0.0001493815706221622
0.0007100000000000015	0.0001493814675496232
0.0007150000000000016	0.0001493813630922381
0.0007200000000000016	0.0001493812572508054
0.0007250000000000016	0.0001493811500262332
0.0007300000000000016	0.000149381041419534
0.0007350000000000016	0.0001493809314318202
0.0007400000000000016	0.0001493808200642995
0.0007450000000000016	0.0001493807073182694
0.0007500000000000016	0.0001493805931951132
0.0007550000000000017	0.0001493804776962968
0.0007600000000000017	0.000149380360823362
0.0007650000000000017	0.0001493802425779237
0.0007700000000000017	0.0001493801229616648
0.0007750000000000017	0.0001493800019763339
0.0007800000000000017	0.0001493798796237383
0.0007850000000000017	0.0001493797559057439
0.0007900000000000017	0.0001493796308242673
0.0007950000000000018	0.0001493795043812758
0.0008000000000000018	0.0001493793765787809
0.0008050000000000018	0.000149379247418837
0.0008100000000000018	0.0001493791169035362
0.0008150000000000018	0.0001493789850350069
0.0008200000000000018	0.0001493788518154079
0.0008250000000000018	0.0001493787172469276
0.0008300000000000019	0.0001493785813317793
0.0008350000000000019	0.0001493784440721998
0.0008400000000000019	0.0001493783054704457
0.0008450000000000019	0.0001493781655287879
0.0008500000000000019	0.0001493780242495152
0.0008550000000000019	0.000149377881634925
0.0008600000000000019	0.0001493777376873239
0.0008650000000000019	0.0001493775924090266
0.000870000000000002	0.0001493774458023491
0.000875000000000002	0.0001493772978696108
0.000880000000000002	0.0001493771486131286
0.000885000000000002	0.0001493769980352171
0.000890000000000002	0.0001493768461381858
0.000895000000000002	0.0001493766929243369
0.000900000000000002	0.0001493765383959623
0.000905000000000002	0.0001493763825553438
0.0009100000000000021	0.0001493762254047489
0.0009150000000000021	0.0001493760669464309
0.0009200000000000021	0.0001493759071826247
0.0009250000000000021	0.0001493757461155483
0.0009300000000000021	0.0001493755837473991
0.0009350000000000021	0.0001493754200803516
0.0009400000000000021	0.000149375255116559
0.0009450000000000022	0.000149375088858147
0.0009500000000000022	0.0001493749213072171
0.0009550000000000022	0.0001493747524658422
0.0009600000000000022	0.0001493745823360671
0.0009650000000000022	0.0001493744109199051
0.0009700000000000022	0.0001493742382193394
0.0009750000000000022	0.0001493740642363191
0.0009800000000000021	0.0001493738889727601
0.0009850000000000021	0.000149373712430545
0.0009900000000000022	0.0001493735346115181
0.0009950000000000022	0.0001493733555174879
0.001000000000000002	0.0001493731751502253
