0	5.000000000000002e-08
5e-06	5.000000000017636e-08
1e-05	5.000000000210971e-08
1.5e-05	5.000000001332368e-08
2e-05	5.000000005919254e-08
2.5e-05	5.000000020778894e-08
3e-05	5.000000061383984e-08
3.5e-05	5.00000015872095e-08
4e-05	5.000000368933961e-08
4.5e-05	5.00000078582385e-08
5e-05	5.000001555950923e-08
5.5e-05	5.000002895809711e-08
6e-05	5.000005110331943e-08
6.500000000000001e-05	5.000008611852109e-08
7.000000000000001e-05	5.000013938639733e-08
7.500000000000001e-05	5.000021772152345e-08
8.000000000000001e-05	5.000032952273043e-08
8.500000000000001e-05	5.000048489945222e-08
9.000000000000001e-05	5.000069576783178e-08
9.500000000000001e-05	5.000097591404201e-08
0.0001	5.000134102382774e-08
0.000105	5.000180867862466e-08
0.00011	5.000239831973003e-08
0.000115	5.000313118284864e-08
0.00012	5.000403020596214e-08
0.000125	5.00051199138631e-08
0.00013	5.000642628289981e-08
0.000135	5.000797658953097e-08
0.00014	5.000979924621544e-08
0.0001450000000000001	5.001192362799853e-08
0.0001500000000000001	5.001437989293117e-08
0.0001550000000000001	5.001719879919195e-08
0.0001600000000000001	5.002041152149021e-08
0.0001650000000000001	5.002404946904295e-08
0.0001700000000000001	5.002814410711976e-08
0.0001750000000000001	5.003272678387619e-08
0.0001800000000000001	5.003782856393634e-08
0.0001850000000000002	5.004348006993193e-08
0.0001900000000000002	5.004971133299022e-08
0.0001950000000000002	5.005655165294819e-08
0.0002000000000000002	5.006402946888817e-08
0.0002050000000000002	5.007217224041524e-08
0.0002100000000000002	5.008100633994499e-08
0.0002150000000000002	5.009055695613331e-08
0.0002200000000000003	5.010084800845253e-08
0.0002250000000000003	5.011190207281145e-08
0.0002300000000000003	5.012374031802245e-08
0.0002350000000000003	5.013638245283173e-08
0.0002400000000000003	5.014984668315979e-08
0.0002450000000000003	5.01641496791415e-08
0.0002500000000000003	5.017930655150217e-08
0.0002550000000000003	5.019533083676748e-08
0.0002600000000000004	5.021223449078336e-08
0.0002650000000000004	5.023002788998661e-08
0.0002700000000000004	5.024871983986767e-08
0.0002750000000000004	5.026831759005206e-08
0.0002800000000000004	5.028882685543396e-08
0.0002850000000000004	5.03102518427912e-08
0.0002900000000000004	5.033259528233448e-08
0.0002950000000000004	5.035585846364659e-08
0.0003000000000000005	5.038004127549295e-08
0.0003050000000000005	5.040514224900145e-08
0.0003100000000000005	5.043115860373614e-08
0.0003150000000000005	5.045808629620916e-08
0.0003200000000000005	5.04859200704078e-08
0.0003250000000000005	5.051465350993347e-08
0.0003300000000000005	5.054427909138207e-08
0.0003350000000000006	5.057478823861835e-08
0.0003400000000000006	5.060617137762545e-08
0.0003450000000000006	5.063841799163889e-08
0.0003500000000000006	5.067151667629498e-08
0.0003550000000000006	5.070545519455586e-08
0.0003600000000000006	5.074022053118626e-08
0.0003650000000000006	5.077579894659695e-08
0.0003700000000000006	5.081217602986956e-08
0.0003750000000000007	5.084933675082032e-08
0.0003800000000000007	5.08872655109603e-08
0.0003850000000000007	5.092594619324216e-08
0.0003900000000000007	5.096536221049167e-08
0.0003950000000000007	5.100549655244168e-08
0.0004000000000000007	5.104633183129808e-08
0.0004050000000000007	5.108785032578514e-08
0.0004100000000000008	5.113003402362349e-08
0.0004150000000000008	5.117286466241033e-08
0.0004200000000000008	5.121632376887975e-08
0.0004250000000000008	5.126039269652905e-08
0.0004300000000000008	5.130505266160779e-08
0.0004350000000000008	5.135028477747124e-08
0.0004400000000000008	5.139607008730712e-08
0.0004450000000000008	5.144238959525316e-08
0.0004500000000000009	5.148922429592255e-08
0.0004550000000000009	5.153655520236563e-08
0.0004600000000000009	5.158436337249261e-08
0.0004650000000000009	5.163262993399498e-08
0.0004700000000000009	5.168133610779427e-08
0.0004750000000000009	5.173046323006219e-08
0.0004800000000000009	5.177999277284587e-08
0.0004850000000000009	5.18299063633445e-08
0.000490000000000001	5.18801858018747e-08
0.000495000000000001	5.193081307857332e-08
0.000500000000000001	5.198177038887629e-08
0.000505000000000001	5.203304014782295e-08
0.000510000000000001	5.208460500322673e-08
0.000515000000000001	5.21364478477574e-08
0.000520000000000001	5.218855182998244e-08
0.0005250000000000011	5.224090036440615e-08
0.0005300000000000011	5.229347714055429e-08
0.0005350000000000011	5.234626613114477e-08
0.0005400000000000011	5.239925159938882e-08
0.0005450000000000011	5.245241810545961e-08
0.0005500000000000011	5.250575051217408e-08
0.0005550000000000011	5.255923398992253e-08
0.0005600000000000011	5.261285402088748e-08
0.0005650000000000012	5.266659640258743e-08
0.0005700000000000012	5.272044725078292e-08
0.0005750000000000012	5.277439300177839e-08
0.0005800000000000012	5.282842041415557e-08
0.0005850000000000012	5.288251656996866e-08
0.0005900000000000012	5.293666887543674e-08
0.0005950000000000012	5.299086506115935e-08
0.0006000000000000012	5.304509318188827e-08
0.0006050000000000013	5.309934161588102e-08
0.0006100000000000013	5.315359906386581e-08
0.0006150000000000013	5.320785454763994e-08
0.0006200000000000013	5.326209740833161e-08
0.0006250000000000013	5.331631730434447e-08
0.0006300000000000013	5.337050420900852e-08
0.0006350000000000013	5.342464840796255e-08
0.0006400000000000014	5.347874049628385e-08
0.0006450000000000014	5.353277137538758e-08
0.0006500000000000014	5.358673224971527e-08
0.0006550000000000014	5.364061462322778e-08
0.0006600000000000014	5.369441029572301e-08
0.0006650000000000014	5.374811135899062e-08
0.0006700000000000014	5.380171019282283e-08
0.0006750000000000014	5.385519946089362e-08
0.0006800000000000015	5.390857210652047e-08
0.0006850000000000015	5.396182134832221e-08
0.0006900000000000015	5.401494067578401e-08
0.0006950000000000015	5.406792384474405e-08
0.0007000000000000015	5.412076487280738e-08
0.0007050000000000015	5.417345803470574e-08
0.0007100000000000015	5.422599785760182e-08
0.0007150000000000016	5.42783791163599e-08
0.0007200000000000016	5.433059682878008e-08
0.0007250000000000016	5.438264625081144e-08
0.0007300000000000016	5.443452287174873e-08
0.0007350000000000016	5.448622240942103e-08
0.0007400000000000016	5.453774080537739e-08
0.0007450000000000016	5.458907422007677e-08
0.0007500000000000016	5.464021902808886e-08
0.0007550000000000017	5.46911718133089e-08
0.0007600000000000017	5.474192936419463e-08
0.0007650000000000017	5.479248866902567e-08
0.0007700000000000017	5.484284691119531e-08
0.0007750000000000017	5.489300146453303e-08
0.0007800000000000017	5.494294988866585e-08
0.0007850000000000017	5.499268992441901e-08
0.0007900000000000017	5.50422194892613e-08
0.0007950000000000018	5.50915366727957e-08
0.0008000000000000018	5.51406397322999e-08
0.0008050000000000018	5.51895270883183e-08
0.0008100000000000018	5.52381973203066e-08
0.0008150000000000018	5.52866491623337e-08
0.0008200000000000018	5.533488149883988e-08
0.0008250000000000018	5.538289336045334e-08
0.0008300000000000019	5.54306839198684e-08
0.0008350000000000019	5.547825248778462e-08
0.0008400000000000019	5.55255985089083e-08
0.0008450000000000019	5.557272155801829e-08
0.0008500000000000019	5.561962133609487e-08
0.0008550000000000019	5.566629766651508e-08
0.0008600000000000019	5.57127504913134e-08
0.0008650000000000019	5.575897986750707e-08
0.000870000000000002	5.580498596348919e-08
0.000875000000000002	5.585076905548802e-08
0.000880000000000002	5.589632952409241e-08
0.000885000000000002	5.59416678508448e-08
0.000890000000000002	5.598678461489968e-08
0.000895000000000002	5.603168048975016e-08
0.000900000000000002	5.607635624001944e-08
0.000905000000000002	5.612081271831909e-08
0.0009100000000000021	5.616505086217362e-08
0.0009150000000000021	5.620907169100897e-08
0.0009200000000000021	5.625287630320776e-08
0.0009250000000000021	5.629646587322782e-08
0.0009300000000000021	5.633984164878504e-08
0.0009350000000000021	5.638300494810028e-08
0.0009400000000000021	5.64259571572081e-08
0.0009450000000000022	5.646869972732873e-08
0.0009500000000000022	5.651123417230056e-08
0.0009550000000000022	5.655356206607483e-08
0.0009600000000000022	5.659568504026909e-08
0.0009650000000000022	5.663760478178097e-08
0.0009700000000000022	5.667932303046083e-08
0.0009750000000000022	5.672084157684067e-08
0.0009800000000000021	5.676216225992277e-08
0.0009850000000000021	5.680328696502165e-08
0.0009900000000000022	5.684421762166488e-08
0.0009950000000000022	5.688495620154391e-08
0.001000000000000002	5.692550471652411e-08
