0	0.0001493857493857498
5e-06	0.0001493857493850659
1e-05	0.0001493857493795176
1.5e-05	0.0001493857493549774
2e-05	0.0001493857492764247
2.5e-05	0.0001493857490726108
3e-05	0.0001493857486172738
3.5e-05	0.0001493857477083331
4e-05	0.0001493857460466259
4.5e-05	0.000149385743215615
5e-05	0.0001493857386632014
5.5e-05	0.0001493857316864253
6e-05	0.0001493857214195162
6.500000000000001e-05	0.0001493857068254541
7.000000000000001e-05	0.0001493856866910135
7.500000000000001e-05	0.0001493856596250862
8.000000000000001e-05	0.0001493856240600063
8.500000000000001e-05	0.0001493855782555352
9.000000000000001e-05	0.0001493855203051451
9.500000000000001e-05	0.0001493854481442433
0.0001	0.0001493853595599819
0.000105	0.0001493852522023223
0.00011	0.0001493851235960538
0.000115	0.0001493849711534839
0.00012	0.0001493847921875563
0.000125	0.0001493845839251807
0.00013	0.0001493843435205823
0.000135	0.000149384068068519
0.00014	0.0001493837546172262
0.0001450000000000001	0.0001493834001809755
0.0001500000000000001	0.0001493830017521668
0.0001550000000000001	0.0001493825563128698
0.0001600000000000001	0.0001493820608457641
0.0001650000000000001	0.0001493815123444362
0.0001700000000000001	0.0001493809078230033
0.0001750000000000001	0.0001493802443250387
0.0001800000000000001	0.0001493795189318015
0.0001850000000000002	0.0001493787287697571
0.0001900000000000002	0.0001493778710174051
0.0001950000000000002	0.0001493769429114207
0.0002000000000000002	0.0001493759417521284
0.0002050000000000002	0.0001493748649083347
0.0002100000000000002	0.0001493737098215383
0.0002150000000000002	0.0001493724740095527
0.0002200000000000003	0.0001493711550695675
0.0002250000000000003	0.0001493697506806802
0.0002300000000000003	0.0001493682586059342
0.0002350000000000003	0.0001493666766938928
0.0002400000000000003	0.000149365002879783
0.0002450000000000003	0.0001493632351862427
0.0002500000000000003	0.0001493613717237001
0.0002550000000000003	0.0001493594106904198
0.0002600000000000004	0.0001493573503722437
0.0002650000000000004	0.0001493551891420555
0.0002700000000000004	0.0001493529254589947
0.0002750000000000004	0.000149350557867449
0.0002800000000000004	0.0001493480849958478
0.0002850000000000004	0.0001493455055552797
0.0002900000000000004	0.000149342818337954
0.0002950000000000004	0.000149340022215535
0.0003000000000000005	0.0001493371161373525
0.0003050000000000005	0.000149334099128522
0.0003100000000000005	0.00014933097028798
0.0003150000000000005	0.0001493277287864522
0.0003200000000000005	0.0001493243738643736
0.0003250000000000005	0.0001493209048297609
0.0003300000000000005	0.0001493173210560625
0.0003350000000000006	0.0001493136219799853
0.0003400000000000006	0.000149309807099314
0.0003450000000000006	0.00014930587597073
0.0003500000000000006	0.0001493018282076352
0.0003550000000000006	0.0001492976634779893
0.0003600000000000006	0.0001492933815021685
0.0003650000000000006	0.0001492889820508458
0.0003700000000000006	0.000149284464942902
0.0003750000000000007	0.0001492798300433702
0.0003800000000000007	0.0001492750772614172
0.0003850000000000007	0.0001492702065483625
0.0003900000000000007	0.0001492652178957434
0.0003950000000000007	0.0001492601113334204
0.0004000000000000007	0.0001492548869277318
0.0004050000000000007	0.0001492495447796952
0.0004100000000000008	0.0001492440850232553
0.0004150000000000008	0.0001492385078235846
0.0004200000000000008	0.0001492328133754325
0.0004250000000000008	0.0001492270019015224
0.0004300000000000008	0.0001492210736510039
0.0004350000000000008	0.00014921502889795
0.0004400000000000008	0.0001492088679399075
0.0004450000000000008	0.0001492025910964963
0.0004500000000000009	0.0001491961987080575
0.0004550000000000009	0.0001491896911343489
0.0004600000000000009	0.0001491830687532891
0.0004650000000000009	0.0001491763319597502
0.0004700000000000009	0.0001491694811643909
0.0004750000000000009	0.0001491625167925415
0.0004800000000000009	0.0001491554392831271
0.0004850000000000009	0.0001491482490876377
0.000490000000000001	0.0001491409466691369
0.000495000000000001	0.0001491335325013143
0.000500000000000001	0.0001491260070675754
0.000505000000000001	0.0001491183708601719
0.000510000000000001	0.0001491106243793666
0.000515000000000001	0.0001491027681326376
0.000520000000000001	0.0001490948026339165
0.0005250000000000011	0.0001490867284028591
0.0005300000000000011	0.0001490785459641526
0.0005350000000000011	0.0001490702558468495
0.0005400000000000011	0.0001490618585837388
0.0005450000000000011	0.0001490533547107396
0.0005500000000000011	0.0001490447447663298
0.0005550000000000011	0.0001490360292909987
0.0005600000000000011	0.0001490272088267259
0.0005650000000000012	0.0001490182839164898
0.0005700000000000012	0.0001490092551037954
0.0005750000000000012	0.0001490001229322302
0.0005800000000000012	0.0001489908879450412
0.0005850000000000012	0.000148981550684732
0.0005900000000000012	0.000148972111692686
0.0005950000000000012	0.0001489625715088045
0.0006000000000000012	0.0001489529306711675
0.0006050000000000013	0.0001489431897157123
0.0006100000000000013	0.0001489333491759299
0.0006150000000000013	0.0001489234095825781
0.0006200000000000013	0.0001489133714634132
0.0006250000000000013	0.0001489032353429343
0.0006300000000000013	0.0001488930017421457
0.0006350000000000013	0.0001488826711783317
0.0006400000000000014	0.0001488722441648475
0.0006450000000000014	0.0001488617212109209
0.0006500000000000014	0.0001488511028214672
0.0006550000000000014	0.0001488403894969193
0.0006600000000000014	0.000148829581733065
0.0006650000000000014	0.0001488186800208997
0.0006700000000000014	0.000148807684846485
0.0006750000000000014	0.0001487965966908217
0.0006800000000000015	0.0001487854160297321
0.0006850000000000015	0.0001487741433337474
0.0006900000000000015	0.0001487627790680102
0.0006950000000000015	0.0001487513236921794
0.0007000000000000015	0.0001487397776603488
0.0007050000000000015	0.0001487281414209683
0.0007100000000000015	0.0001487164154167765
0.0007150000000000016	0.0001487046000847371
0.0007200000000000016	0.000148692695855985
0.0007250000000000016	0.0001486807031557763
0.0007300000000000016	0.0001486686224034456
0.0007350000000000016	0.000148656454012368
0.0007400000000000016	0.0001486441983899289
0.0007450000000000016	0.000148631855937496
0.0007500000000000016	0.0001486194270503987
0.0007550000000000017	0.0001486069121179101
0.0007600000000000017	0.0001485943115232358
0.0007650000000000017	0.0001485816256435057
0.0007700000000000017	0.0001485688548497684
0.0007750000000000017	0.0001485559995069924
0.0007800000000000017	0.0001485430599740691
0.0007850000000000017	0.000148530036603819
0.0007900000000000017	0.0001485169297430033
0.0007950000000000018	0.0001485037397323341
0.0008000000000000018	0.0001484904669064935
0.0008050000000000018	0.00014847711159415
0.0008100000000000018	0.0001484636741179818
0.0008150000000000018	0.0001484501547946992
0.0008200000000000018	0.0001484365539350701
0.0008250000000000018	0.0001484228718439508
0.0008300000000000019	0.0001484091088203136
0.0008350000000000019	0.0001483952651572802
0.0008400000000000019	0.0001483813411421562
0.0008450000000000019	0.0001483673370564656
0.0008500000000000019	0.0001483532531759884
0.0008550000000000019	0.0001483390897707999
0.0008600000000000019	0.0001483248471053103
0.0008650000000000019	0.0001483105254383055
0.000870000000000002	0.0001482961250229914
0.000875000000000002	0.0001482816461070356
0.000880000000000002	0.0001482670889326127
0.000885000000000002	0.00014825245373645
0.000890000000000002	0.0001482377407498746
0.000895000000000002	0.0001482229501988588
0.000900000000000002	0.0001482080823040702
0.000905000000000002	0.0001481931372809185
0.0009100000000000021	0.0001481781153396052
0.0009150000000000021	0.0001481630166851741
0.0009200000000000021	0.0001481478415175603
0.0009250000000000021	0.0001481325900316411
0.0009300000000000021	0.0001481172624172875
0.0009350000000000021	0.0001481018588594149
0.0009400000000000021	0.0001480863795380341
0.0009450000000000022	0.0001480708246283043
0.0009500000000000022	0.0001480551943005834
0.0009550000000000022	0.0001480394887204818
0.0009600000000000022	0.0001480237080489123
0.0009650000000000022	0.000148007852442145
0.0009700000000000022	0.0001479919220518564
0.0009750000000000022	0.0001479759170251843
0.0009800000000000021	0.0001479598375047787
0.0009850000000000021	0.0001479436836288525
0.0009900000000000022	0.0001479274555312363
0.0009950000000000022	0.000147911153341429
0.001000000000000002	0.0001478947771846475
