0	4.999999999999998e-08
5e-06	5.000003075082968e-08
1e-05	5.000024928743141e-08
1.5e-05	5.000110217335017e-08
2e-05	5.000352664365188e-08
2.5e-05	5.000914645340278e-08
3e-05	5.002042501677626e-08
3.5e-05	5.004075383101062e-08
4e-05	5.007447037642513e-08
4.5e-05	5.012681188412005e-08
5e-05	5.020381831672274e-08
5.5e-05	5.031220033483343e-08
6e-05	5.045918733892371e-08
6.500000000000001e-05	5.065236827845098e-08
7.000000000000001e-05	5.08995348897671e-08
7.500000000000001e-05	5.120853407070807e-08
8.000000000000001e-05	5.158713359942846e-08
8.500000000000001e-05	5.204290348584093e-08
9.000000000000001e-05	5.258311387623427e-08
9.500000000000001e-05	5.321464950970586e-08
0.0001	5.394394012770584e-08
0.000105	5.477690586105848e-08
0.00011	5.571891638843709e-08
0.000115	5.677476253058516e-08
0.00012	5.794863888841333e-08
0.000125	5.924413613577603e-08
0.00013	6.066424162595391e-08
0.000135	6.221134705367759e-08
0.00014	6.388726201892087e-08
0.0001450000000000001	6.56932324542821e-08
0.0001500000000000001	6.762996299368382e-08
0.0001550000000000001	6.969764247025033e-08
0.0001600000000000001	7.189597183114048e-08
0.0001650000000000001	7.422419384537234e-08
0.0001700000000000001	7.668112405759938e-08
0.0001750000000000001	7.926518250798787e-08
0.0001800000000000001	8.197442579743392e-08
0.0001850000000000002	8.480657913081948e-08
0.0001900000000000002	8.775906801962648e-08
0.0001950000000000002	9.082904937063442e-08
0.0002000000000000002	9.401344172986569e-08
0.0002050000000000002	9.730895449073688e-08
0.0002100000000000002	1.007121159124259e-07
0.0002150000000000002	1.042192998286474e-07
0.0002200000000000003	1.078267509581443e-07
0.0002250000000000003	1.115306087561118e-07
0.0002300000000000003	1.153269297704381e-07
0.0002350000000000003	1.192117084880851e-07
0.0002400000000000003	1.231808966752584e-07
0.0002450000000000003	1.272304212304078e-07
0.0002500000000000003	1.313562005818241e-07
0.0002550000000000003	1.355541596718301e-07
0.0002600000000000004	1.398202435776577e-07
0.0002650000000000004	1.441504298252568e-07
0.0002700000000000004	1.485407394567885e-07
0.0002750000000000004	1.529872469156345e-07
0.0002800000000000004	1.574860888146127e-07
0.0002850000000000004	1.620334716539568e-07
0.0002900000000000004	1.666256785555957e-07
0.0002950000000000004	1.712590750796118e-07
0.0003000000000000005	1.75930114187462e-07
0.0003050000000000005	1.80635340414879e-07
0.0003100000000000005	1.853713933152733e-07
0.0003150000000000005	1.901350102321563e-07
0.0003200000000000005	1.949230284565596e-07
0.0003250000000000005	1.997323868227645e-07
0.0003300000000000005	2.04560126792917e-07
0.0003350000000000006	2.094033930782937e-07
0.0003400000000000006	2.142594338421971e-07
0.0003450000000000006	2.191256005266785e-07
0.0003500000000000006	2.23999347342555e-07
0.0003550000000000006	2.288782304595244e-07
0.0003600000000000006	2.337599069306005e-07
0.0003650000000000006	2.386421333825972e-07
0.0003700000000000006	2.435227645020022e-07
0.0003750000000000007	2.483997513433078e-07
0.0003800000000000007	2.53271139484683e-07
0.0003850000000000007	2.581350670538222e-07
0.0003900000000000007	2.629897626448737e-07
0.0003950000000000007	2.678335431455034e-07
0.0004000000000000007	2.726648114914498e-07
0.0004050000000000007	2.774820543643142e-07
0.0004100000000000008	2.822838398468242e-07
0.0004150000000000008	2.870688150484262e-07
0.0004200000000000008	2.918357037127457e-07
0.0004250000000000008	2.965833038172656e-07
0.0004300000000000008	3.013104851744456e-07
0.0004350000000000008	3.060161870424949e-07
0.0004400000000000008	3.10699415753037e-07
0.0004450000000000008	3.153592423620623e-07
0.0004500000000000009	3.199948003297436e-07
0.0004550000000000009	3.24605283233967e-07
0.0004600000000000009	3.291899425217681e-07
0.0004650000000000009	3.33748085302228e-07
0.0004700000000000009	3.382790721838722e-07
0.0004750000000000009	3.427823151590646e-07
0.0004800000000000009	3.472572755374704e-07
0.0004850000000000009	3.517034619302247e-07
0.000490000000000001	3.561204282860882e-07
0.000495000000000001	3.605077719805377e-07
0.000500000000000001	3.648651319584172e-07
0.000505000000000001	3.691921869305512e-07
0.000510000000000001	3.73488653624438e-07
0.000515000000000001	3.777542850889687e-07
0.000520000000000001	3.819888690529061e-07
0.0005250000000000011	3.861922263367089e-07
0.0005300000000000011	3.903642093171341e-07
0.0005350000000000011	3.945047004439502e-07
0.0005400000000000011	3.986136108079369e-07
0.0005450000000000011	4.026908787593191e-07
0.0005500000000000011	4.067364685756635e-07
0.0005550000000000011	4.107503691782048e-07
0.0005600000000000011	4.147325928955364e-07
0.0005650000000000012	4.186831742735458e-07
0.0005700000000000012	4.226021689304213e-07
0.0005750000000000012	4.26489652455584e-07
0.0005800000000000012	4.303457193513142e-07
0.0005850000000000012	4.341704820158916e-07
0.0005900000000000012	4.379640697670236e-07
0.0005950000000000012	4.417266279043422e-07
0.0006000000000000012	4.454583168097805e-07
0.0006050000000000013	4.491593110846158e-07
0.0006100000000000013	4.528297987219782e-07
0.0006150000000000013	4.564699803136874e-07
0.0006200000000000013	4.600800682902238e-07
0.0006250000000000013	4.63660286192715e-07
0.0006300000000000013	4.672108679758329e-07
0.0006350000000000013	4.70732057340482e-07
0.0006400000000000014	4.742241070952363e-07
0.0006450000000000014	4.776872785454753e-07
0.0006500000000000014	4.811218409092014e-07
0.0006550000000000014	4.845280707585415e-07
0.0006600000000000014	4.879062514859891e-07
0.0006650000000000014	4.912566727944448e-07
0.0006700000000000014	4.945796302101332e-07
0.0006750000000000014	4.978754246175415e-07
0.0006800000000000015	5.011443618155139e-07
0.0006850000000000015	5.043867520936732e-07
0.0006900000000000015	5.076029098283909e-07
0.0006950000000000015	5.107931530975008e-07
0.0007000000000000015	5.139578033130582e-07
0.0007050000000000015	5.170971848713798e-07
0.0007100000000000015	5.202116248196962e-07
0.0007150000000000016	5.23301452538741e-07
0.0007200000000000016	5.263669994406385e-07
0.0007250000000000016	5.294085986814458e-07
0.0007300000000000016	5.324265848877856e-07
0.0007350000000000016	5.354212938969557e-07
0.0007400000000000016	5.383930625099903e-07
0.0007450000000000016	5.413422282571247e-07
0.0007500000000000016	5.442691291751435e-07
0.0007550000000000017	5.471741035961463e-07
0.0007600000000000017	5.500574899472109e-07
0.0007650000000000017	5.529196265605504e-07
0.0007700000000000017	5.557608514936773e-07
0.0007750000000000017	5.585815023591885e-07
0.0007800000000000017	5.613819161637419e-07
0.0007850000000000017	5.641624291558645e-07
0.0007900000000000017	5.669233766821759e-07
0.0007950000000000018	5.696650930517174e-07
0.0008000000000000018	5.723879114080038e-07
0.0008050000000000018	5.7509216360849e-07
0.0008100000000000018	5.777781801111247e-07
0.0008150000000000018	5.804462898676947e-07
0.0008200000000000018	5.830968202236608e-07
0.0008250000000000018	5.857300968242008e-07
0.0008300000000000019	5.88346443526216e-07
0.0008350000000000019	5.909461823160039e-07
0.0008400000000000019	5.935296332323849e-07
0.0008450000000000019	5.960971142950262e-07
0.0008500000000000019	5.986489414377311e-07
0.0008550000000000019	6.011854284465046e-07
0.0008600000000000019	6.037068869021464e-07
0.0008650000000000019	6.062136261271879e-07
0.000870000000000002	6.087059531369966e-07
0.000875000000000002	6.111841725948333e-07
0.000880000000000002	6.136485867706953e-07
0.000885000000000002	6.160994955037906e-07
0.000890000000000002	6.185371961684524e-07
0.000895000000000002	6.209619836433657e-07
0.000900000000000002	6.233741502839215e-07
0.000905000000000002	6.257739858975971e-07
0.0009100000000000021	6.281617777221753e-07
0.0009150000000000021	6.305378104067164e-07
0.0009200000000000021	6.329023659951212e-07
0.0009250000000000021	6.352557239121714e-07
0.0009300000000000021	6.375981609519564e-07
0.0009350000000000021	6.399299512685192e-07
0.0009400000000000021	6.422513663686714e-07
0.0009450000000000022	6.445626751068337e-07
0.0009500000000000022	6.468641436818167e-07
0.0009550000000000022	6.491560356354616e-07
0.0009600000000000022	6.514386118530076e-07
0.0009650000000000022	6.53712130565149e-07
0.0009700000000000022	6.559768473516623e-07
0.0009750000000000022	6.582330151465233e-07
0.0009800000000000021	6.604808842444726e-07
0.0009850000000000021	6.627207023089057e-07
0.0009900000000000022	6.649527143810497e-07
0.0009950000000000022	6.671771628903444e-07
0.001000000000000002	6.693942876659723e-07
