0	5.000000000000015e-08
5e-06	3.789066165072768e-07
1e-05	7.01040816747307e-07
1.5e-05	1.016575297849851e-06
2e-05	1.325663077094798e-06
2.5e-05	1.62844927830158e-06
3e-05	1.925074827669508e-06
3.5e-05	2.2156776886492e-06
4e-05	2.500393129712294e-06
4.5e-05	2.77935372445666e-06
5e-05	3.05268933094635e-06
5.5e-05	3.320527105476908e-06
6e-05	3.582991542196059e-06
6.500000000000001e-05	3.840204525043458e-06
7.000000000000001e-05	4.092285385987512e-06
7.500000000000001e-05	4.339350966371754e-06
8.000000000000001e-05	4.581515678008317e-06
8.500000000000001e-05	4.818891561075195e-06
9.000000000000001e-05	5.051588337254577e-06
9.500000000000001e-05	5.279713457919473e-06
0.0001	5.503372147989052e-06
0.000105	5.722667446351821e-06
0.00011	5.937700243726082e-06
0.000115	6.148569318676969e-06
0.00012	6.355371372339482e-06
0.000125	6.558201062249092e-06
0.00013	6.75715103556502e-06
0.000135	6.952311961884451e-06
0.00014	7.143772565781075e-06
0.0001450000000000001	7.331619659155814e-06
0.0001500000000000001	7.515938173452673e-06
0.0001550000000000001	7.696811191770845e-06
0.0001600000000000001	7.874319980883473e-06
0.0001650000000000001	8.04854402316457e-06
0.0001700000000000001	8.219561048415006e-06
0.0001750000000000001	8.387447065574047e-06
0.0001800000000000001	8.552276394297339e-06
0.0001850000000000002	8.714121696382313e-06
0.0001900000000000002	8.873054007018522e-06
0.0001950000000000002	9.029142765841522e-06
0.0002000000000000002	9.18245584776747e-06
0.0002050000000000002	9.333059593587945e-06
0.0002100000000000002	9.48101884030355e-06
0.0002150000000000002	9.626396951176916e-06
0.0002200000000000003	9.76925584548649e-06
0.0002250000000000003	9.909656027964178e-06
0.0002300000000000003	1.004765661789985e-05
0.0002350000000000003	1.018331537789945e-05
0.0002400000000000003	1.031668874228206e-05
0.0002450000000000003	1.044783184510495e-05
0.0002500000000000003	1.057679854780487e-05
0.0002550000000000003	1.070364146644715e-05
0.0002600000000000004	1.082841199857357e-05
0.0002650000000000004	1.095116034964228e-05
0.0002700000000000004	1.107193555905316e-05
0.0002750000000000004	1.119078552575468e-05
0.0002800000000000004	1.13077570334271e-05
0.0002850000000000004	1.142289577523995e-05
0.0002900000000000004	1.153624637818005e-05
0.0002950000000000004	1.164785242695128e-05
0.0003000000000000005	1.175775648744206e-05
0.0003050000000000005	1.18660001297636e-05
0.0003100000000000005	1.197262395085758e-05
0.0003150000000000005	1.207766759667618e-05
0.0003200000000000005	1.218116978393404e-05
0.0003250000000000005	1.22831683214368e-05
0.0003300000000000005	1.238370013098865e-05
0.0003350000000000006	1.248280126787965e-05
0.0003400000000000006	1.258050694096007e-05
0.0003450000000000006	1.267685153230301e-05
0.0003500000000000006	1.277186861646094e-05
0.0003550000000000006	1.286559097931961e-05
0.0003600000000000006	1.295805063655539e-05
0.0003650000000000006	1.30492788517e-05
0.0003700000000000006	1.313930615381858e-05
0.0003750000000000007	1.322816235480563e-05
0.0003800000000000007	1.331587656630502e-05
0.0003850000000000007	1.340247721626024e-05
0.0003900000000000007	1.348799206509876e-05
0.0003950000000000007	1.357244822155844e-05
0.0004000000000000007	1.365587215816054e-05
0.0004050000000000007	1.373828972633659e-05
0.0004100000000000008	1.381972617121249e-05
0.0004150000000000008	1.390020614606037e-05
0.0004200000000000008	1.397975372641905e-05
0.0004250000000000008	1.405839242389363e-05
0.0004300000000000008	1.413614519963725e-05
0.0004350000000000008	1.421303447752269e-05
0.0004400000000000008	1.428908215700918e-05
0.0004450000000000008	1.436430962571117e-05
0.0004500000000000009	1.443873777167288e-05
0.0004550000000000009	1.451238699535816e-05
0.0004600000000000009	1.458527722135748e-05
0.0004650000000000009	1.465742790982116e-05
0.0004700000000000009	1.472885806762267e-05
0.0004750000000000009	1.479958625925853e-05
0.0004800000000000009	1.486963061748924e-05
0.0004850000000000009	1.493900885372936e-05
0.000490000000000001	1.500773826818812e-05
0.000495000000000001	1.507583575977137e-05
0.000500000000000001	1.514331783574393e-05
0.000505000000000001	1.521020062116337e-05
0.000510000000000001	1.527649986808583e-05
0.000515000000000001	1.534223096455257e-05
0.000520000000000001	1.540740894335934e-05
0.0005250000000000011	1.5472048490615e-05
0.0005300000000000011	1.553616395409395e-05
0.0005350000000000011	1.559976935138721e-05
0.0005400000000000011	1.566287837785549e-05
0.0005450000000000011	1.57255044143919e-05
0.0005500000000000011	1.578766053499451e-05
0.0005550000000000011	1.584935951415659e-05
0.0005600000000000011	1.591061383407767e-05
0.0005650000000000012	1.597143569169849e-05
0.0005700000000000012	1.603183700556693e-05
0.0005750000000000012	1.60918294225342e-05
0.0005800000000000012	1.615142432429115e-05
0.0005850000000000012	1.621063283374283e-05
0.0005900000000000012	1.62694658212299e-05
0.0005950000000000012	1.632793391059678e-05
0.0006000000000000012	1.638604748511244e-05
0.0006050000000000013	1.644381669324758e-05
0.0006100000000000013	1.650125145430904e-05
0.0006150000000000013	1.655836146393838e-05
0.0006200000000000013	1.661515619947535e-05
0.0006250000000000013	1.667164492519043e-05
0.0006300000000000013	1.672783669738948e-05
0.0006350000000000013	1.678374036939423e-05
0.0006400000000000014	1.683936459640018e-05
0.0006450000000000014	1.689471784021644e-05
0.0006500000000000014	1.694980837388967e-05
0.0006550000000000014	1.700464428621436e-05
0.0006600000000000014	1.70592334861338e-05
0.0006650000000000014	1.711358370703214e-05
0.0006700000000000014	1.716770251092403e-05
0.0006750000000000014	1.722159729253816e-05
0.0006800000000000015	1.727527528330457e-05
0.0006850000000000015	1.732874355524235e-05
0.0006900000000000015	1.738200902475301e-05
0.0006950000000000015	1.743507845632142e-05
0.0007000000000000015	1.748795846612582e-05
0.0007050000000000015	1.754065552555965e-05
0.0007100000000000015	1.759317596466871e-05
0.0007150000000000016	1.764552597550214e-05
0.0007200000000000016	1.76977116153839e-05
0.0007250000000000016	1.774973881010239e-05
0.0007300000000000016	1.780161335702426e-05
0.0007350000000000016	1.785334092813087e-05
0.0007400000000000016	1.790492707298094e-05
0.0007450000000000016	1.795637722160186e-05
0.0007500000000000016	1.80076966873096e-05
0.0007550000000000017	1.805889066946023e-05
0.0007600000000000017	1.810996425613521e-05
0.0007650000000000017	1.816092242676018e-05
0.0007700000000000017	1.821177005466092e-05
0.0007750000000000017	1.826251190955644e-05
0.0007800000000000017	1.831315265999233e-05
0.0007850000000000017	1.836369687571485e-05
0.0007900000000000017	1.841414902998707e-05
0.0007950000000000018	1.846451350184837e-05
0.0008000000000000018	1.85147945783203e-05
0.0008050000000000018	1.856499645655836e-05
0.0008100000000000018	1.861512324595127e-05
0.0008150000000000018	1.866517897017027e-05
0.0008200000000000018	1.871516756916828e-05
0.0008250000000000018	1.876509290113085e-05
0.0008300000000000019	1.881495874437933e-05
0.0008350000000000019	1.886476879922989e-05
0.0008400000000000019	1.891452668980516e-05
0.0008450000000000019	1.896423596580421e-05
0.0008500000000000019	1.901390010422878e-05
0.0008550000000000019	1.906352251106812e-05
0.0008600000000000019	1.911310652294341e-05
0.0008650000000000019	1.916265540871273e-05
0.000870000000000002	1.92121723710367e-05
0.000875000000000002	1.926166054790749e-05
0.000880000000000002	1.931112301414013e-05
0.000885000000000002	1.936056278282873e-05
0.000890000000000002	1.940998280676751e-05
0.000895000000000002	1.945938597983748e-05
0.000900000000000002	1.950877513836068e-05
0.000905000000000002	1.955815306242066e-05
0.0009100000000000021	1.96075224771531e-05
0.0009150000000000021	1.965688605400376e-05
0.0009200000000000021	1.970624641195777e-05
0.0009250000000000021	1.975560611873906e-05
0.0009300000000000021	1.980496769198071e-05
0.0009350000000000021	1.985433360036838e-05
0.0009400000000000021	1.990370626475513e-05
0.0009450000000000022	1.995308805925156e-05
0.0009500000000000022	2.000248131228797e-05
0.0009550000000000022	2.005188830765277e-05
0.0009600000000000022	2.01013112855054e-05
0.0009650000000000022	2.015075244336567e-05
0.0009700000000000022	2.020021393707947e-05
0.0009750000000000022	2.024969788176092e-05
0.0009800000000000021	2.02992063527135e-05
0.0009850000000000021	2.03487413863289e-05
0.0009900000000000022	2.039830498096323e-05
0.0009950000000000022	2.044789909779467e-05
0.001000000000000002	2.049752566165954e-05
