0	0.0001493857493857493
5e-06	0.0001493791193878327
1e-05	0.0001493660032753858
1.5e-05	0.0001493465430568941
2e-05	0.0001493208786780523
2.5e-05	0.0001492891479359773
3e-05	0.0001492514864175131
3.5e-05	0.0001492080274561452
4e-05	0.0001491589021080127
4.5e-05	0.0001491042391431843
5e-05	0.0001490441650472822
5.5e-05	0.0001489788040294756
6e-05	0.0001489082780343258
6.500000000000001e-05	0.0001488327067560183
7.000000000000001e-05	0.0001487522076541287
7.500000000000001e-05	0.0001486668959704563
8.000000000000001e-05	0.0001485768847467043
8.500000000000001e-05	0.0001484822848429462
9.000000000000001e-05	0.0001483832049569041
9.500000000000001e-05	0.0001482797516441023
0.0001	0.0001481720293389385
0.000105	0.0001480601403767032
0.00011	0.000147944185016558
0.000115	0.0001478242614654506
0.00012	0.0001477004659029324
0.000125	0.0001475728925068366
0.00013	0.0001474416334797435
0.000135	0.0001473067790761768
0.00014	0.0001471684176304508
0.0001450000000000001	0.0001470266355850991
0.0001500000000000001	0.0001468815175198088
0.0001550000000000001	0.0001467331461807869
0.0001600000000000001	0.0001465816025104826
0.0001650000000000001	0.0001464269656775978
0.0001700000000000001	0.0001462693131073267
0.0001750000000000001	0.0001461087205117406
0.0001800000000000001	0.0001459452619202893
0.0001850000000000002	0.0001457790097103344
0.0001900000000000002	0.0001456100346376774
0.0001950000000000002	0.0001454384058670354
0.0002000000000000002	0.0001452641910024107
0.0002050000000000002	0.0001450874561173275
0.0002100000000000002	0.000144908265784884
0.0002150000000000002	0.000144726683107598
0.0002200000000000003	0.0001445427697470057
0.0002250000000000003	0.0001443565859529971
0.0002300000000000003	0.0001441681905928487
0.0002350000000000003	0.0001439776411799456
0.0002400000000000003	0.0001437849939021698
0.0002450000000000003	0.0001435903036499222
0.0002500000000000003	0.0001433936240437907
0.0002550000000000003	0.0001431950074618272
0.0002600000000000004	0.000142994505066428
0.0002650000000000004	0.0001427921668308223
0.0002700000000000004	0.0001425880415651357
0.0002750000000000004	0.0001423821769420442
0.0002800000000000004	0.0001421746195219975
0.0002850000000000004	0.0001419654147780232
0.0002900000000000004	0.0001417546071200874
0.0002950000000000004	0.0001415422399190309
0.0003000000000000005	0.0001413283555300749
0.0003050000000000005	0.0001411129953158713
0.0003100000000000005	0.0001408961996691472
0.0003150000000000005	0.000140678008034892
0.0003200000000000005	0.0001404584589321279
0.0003250000000000005	0.0001402375899752438
0.0003300000000000005	0.0001400154378949058
0.0003350000000000006	0.0001397920385585467
0.0003400000000000006	0.0001395674269904328
0.0003450000000000006	0.0001393416373913176
0.0003500000000000006	0.0001391147031576864
0.0003550000000000006	0.0001388866569005942
0.0003600000000000006	0.0001386575304641024
0.0003650000000000006	0.0001384273549433219
0.0003700000000000006	0.0001381961607020632
0.0003750000000000007	0.0001379639773901076
0.0003800000000000007	0.000137730833960098
0.0003850000000000007	0.0001374967586840505
0.0003900000000000007	0.0001372617791695098
0.0003950000000000007	0.0001370259223753416
0.0004000000000000007	0.0001367892146271607
0.0004050000000000007	0.0001365516816324258
0.0004100000000000008	0.0001363133484951809
0.0004150000000000008	0.0001360742397304713
0.0004200000000000008	0.0001358343792784123
0.0004250000000000008	0.0001355937905179593
0.0004300000000000008	0.0001353524962803396
0.0004350000000000008	0.0001351105188621818
0.0004400000000000008	0.0001348678800383435
0.0004450000000000008	0.0001346246010744315
0.0004500000000000009	0.0001343807027390379
0.0004550000000000009	0.0001341362053156857
0.0004600000000000009	0.0001338911286144894
0.0004650000000000009	0.0001336454919835511
0.0004700000000000009	0.0001333993143200796
0.0004750000000000009	0.0001331526140812421
0.0004800000000000009	0.0001329054092947751
0.0004850000000000009	0.0001326577175693195
0.000490000000000001	0.0001324095561045338
0.000495000000000001	0.0001321609417009454
0.000500000000000001	0.000131911890769579
0.000505000000000001	0.0001316624193413491
0.000510000000000001	0.0001314125430762258
0.000515000000000001	0.000131162277272185
0.000520000000000001	0.000130911636873943
0.0005250000000000011	0.0001306606364814708
0.0005300000000000011	0.0001304092903583182
0.0005350000000000011	0.0001301576124397254
0.0005400000000000011	0.0001299056163405403
0.0005450000000000011	0.0001296533153629498
0.0005500000000000011	0.0001294007225040164
0.0005550000000000011	0.0001291478504630363
0.0005600000000000011	0.0001288947116487186
0.0005650000000000012	0.0001286413181861872
0.0005700000000000012	0.0001283876819238173
0.0005750000000000012	0.0001281338144398975
0.0005800000000000012	0.0001278797270491433
0.0005850000000000012	0.000127625430809034
0.0005900000000000012	0.0001273709365260107
0.0005950000000000012	0.0001271162547615159
0.0006000000000000012	0.0001268613958378854
0.0006050000000000013	0.0001266063698440976
0.0006100000000000013	0.0001263511866413825
0.0006150000000000013	0.000126095855868699
0.0006200000000000013	0.0001258403869480647
0.0006250000000000013	0.0001255847890897673
0.0006300000000000013	0.0001253290712974501
0.0006350000000000013	0.0001250732423730589
0.0006400000000000014	0.0001248173109216846
0.0006450000000000014	0.0001245612853562781
0.0006500000000000014	0.000124305173902247
0.0006550000000000014	0.000124048984601952
0.0006600000000000014	0.0001237927253190818
0.0006650000000000014	0.0001235364037429237
0.0006700000000000014	0.0001232800273925351
0.0006750000000000014	0.0001230236036208056
0.0006800000000000015	0.0001227671396184239
0.0006850000000000015	0.0001225106424177458
0.0006900000000000015	0.000122254118896573
0.0006950000000000015	0.0001219975757818288
0.0007000000000000015	0.0001217410196531551
0.0007050000000000015	0.0001214844569464136
0.0007100000000000015	0.0001212278939571072
0.0007150000000000016	0.0001209713368437122
0.0007200000000000016	0.0001207147916309334
0.0007250000000000016	0.0001204582642128782
0.0007300000000000016	0.000120201760356153
0.0007350000000000016	0.0001199452857028872
0.0007400000000000016	0.000119688845773673
0.0007450000000000016	0.0001194324459704494
0.0007500000000000016	0.0001191760915793015
0.0007550000000000017	0.0001189197877732014
0.0007600000000000017	0.0001186635396146763
0.0007650000000000017	0.0001184073520584147
0.0007700000000000017	0.0001181512299538071
0.0007750000000000017	0.0001178951780474267
0.0007800000000000017	0.0001176392009854511
0.0007850000000000017	0.0001173833033160186
0.0007900000000000017	0.0001171274894915346
0.0007950000000000018	0.0001168717638709195
0.0008000000000000018	0.0001166161307217993
0.0008050000000000018	0.0001163605942226489
0.0008100000000000018	0.0001161051584648755
0.0008150000000000018	0.0001158498274548589
0.0008200000000000018	0.0001155946051159374
0.0008250000000000018	0.0001153394952903502
0.0008300000000000019	0.0001150845017411266
0.0008350000000000019	0.0001148296281539367
0.0008400000000000019	0.0001145748781388879
0.0008450000000000019	0.0001143202552322903
0.0008500000000000019	0.000114065762898371
0.0008550000000000019	0.0001138114045309458
0.0008600000000000019	0.0001135571834550552
0.0008650000000000019	0.0001133031029285624
0.000870000000000002	0.0001130491661437071
0.000875000000000002	0.0001127953762286235
0.000880000000000002	0.0001125417362488254
0.000885000000000002	0.0001122882492086534
0.000890000000000002	0.0001120349180526838
0.000895000000000002	0.0001117817456671106
0.000900000000000002	0.0001115287348810886
0.000905000000000002	0.0001112758884680474
0.0009100000000000021	0.0001110232091469696
0.0009150000000000021	0.0001107706995836482
0.0009200000000000021	0.0001105183623919004
0.0009250000000000021	0.0001102662001347639
0.0009300000000000021	0.0001100142153256588
0.0009350000000000021	0.00010976241042952
0.0009400000000000021	0.0001095107878639112
0.0009450000000000022	0.0001092593500001011
0.0009500000000000022	0.0001090080991641252
0.0009550000000000022	0.0001087570376378105
0.0009600000000000022	0.0001085061676597862
0.0009650000000000022	0.0001082554914264642
0.0009700000000000022	0.0001080050110929996
0.0009750000000000022	0.0001077547287742267
0.0009800000000000021	0.00010750464654557
0.0009850000000000021	0.0001072547664439431
0.0009900000000000022	0.0001070050904686125
0.0009950000000000022	0.0001067556205820561
0.001000000000000002	0.0001065063587107842
